               precision    recall  f1-score   support

   активность       1.00      1.00      1.00        20
  архитектура       1.00      1.00      1.00        18
винный туризм       1.00      1.00      1.00        20
   дегустации       1.00      1.00      1.00        23
          еда       1.00      0.96      0.98        27
     животные       1.00      0.80      0.89        20
    искусство       1.00      1.00      1.00        30
      история       0.95      0.95      0.95        21
     культура       0.83      1.00      0.90        19
        музей       1.00      0.90      0.95        30
       музыка       0.96      0.87      0.91        30
 ночная жизнь       1.00      0.96      0.98        24
         парк       1.00      0.91      0.95        23
         пляж       0.88      0.93      0.90        15
       походы       0.61      0.78      0.68        18
      природа       0.89      0.77      0.83        22
       релакс       0.60      0.71      0.65        17
      религия       0.90      0.75      0.82        24
        спорт       0.80      0.75      0.77        16
   фотография       0.80      0.80      0.80        25
       шопинг       0.59      0.70      0.64        27

    micro avg       0.89      0.88      0.89       469
    macro avg       0.90      0.88      0.89       469
 weighted avg       0.90      0.88      0.89       469
  samples avg       0.93      0.91      0.91       469
